1 2 2 3 15 -11475.403962176304 -11400.149958468277
1 2 3 4 20 -14445.967687956001 -14370.714212933075
1 3 2 5 21 -16555.588666217991 -16480.335231338879
1 3 3 8 32 -24562.127433682152 -24486.880043683504
1 4 4 14 55 -37317.493468412395 -37242.249872244007
3 2 2 9 37 -25830.805306339440 -25755.555708379521
3 2 3 14 56 -36900.748279363135 -36825.499166485104
3 3 2 15 55 -35793.634686824342 -35718.385527870916
3 3 3 22 76 -48043.146661424740 -47967.901594652008
3 4 4 42 133 -82164.891484287975 -82089.649578439290
5 2 2 15 59 -41502.057249554789 -41426.807649097180
5 2 3 22 84 -54736.300909596554 -54661.051875746867
5 3 2 25 89 -56483.872386519477 -56408.623166300385
5 3 3 38 128 -79553.845504137978 -79478.600380952412
5 4 4 70 211 -129362.299482633040 -129287.057748385661
7 2 2 21 81 -58372.313021017289 -58297.063593659012
7 2 3 32 120 -80708.656524059217 -80633.407648809953
7 3 2 35 123 -78340.898723003367 -78265.649951953295
7 3 3 52 172 -105573.024902096760 -105497.780078754542
7 4 4 98 289  -178650.356768415280
9 2 2 27 103 -76227.737136341733 -76152.487691860733
9 2 3 40 148 -100646.053176699104 -100570.804328869155
9 3 2 45 157 -101172.672072955043 -101097.423317880413
9 3 3 68 224 -140120.222000396810 -140044.977141418931
9 4 4 126 367  
11 2 2 33 125 -94916.697230298814 -94841.447811580714
11 2 3 50 184 -129303.980621446681 -129228.731684840313
11 3 2 55 191 -124838.300535703907 -124763.051863795015
11 3 3 82 268 -167928.417358373350 -167853.172554681165
11 4 4 154 445  
1 2 2 3 15 -11475.403962176304 -11400.149958468277
1 2 3 4 20 -14445.967687956001 -14370.714212933075
1 3 2 5 21 -16555.588666217991 -16480.335231338886
1 3 3 8 32 -24562.127433682152 -24486.880043683504
1 4 2 7 29 -20886.419660165924 -20811.167903175756
1 4 3 10 40 -27250.208591671359 -27174.961024064771
1 5 2 9 35 -26423.367775354542 -26348.115775762613
1 5 3 14 52 -38264.417503082885 -38189.169918534222
1 6 2 11 43 -31014.445843260288 -30939.193988280589
1 6 3 16 60 -40998.669603092450 -40923.422056576921
1 7 2 13 49 -36918.328899482069 -36843.077056777940
1 7 3 20 72 -52742.352946955958 -52667.105456397527
1 8 2 15 57 -41724.520953593332 -41649.269252330771
1 8 3 22 80 -55517.388042206439 -55442.140558282939
1 9 2 17 63 -47934.100054170303 -47858.848352908593
1 9 3 26 92 -67873.417571447018 -67798.170135820823
1 10 2 19 71 -52923.120119870939 -52847.868459083591
1 10 3 28 100 -70684.935304000843 -70609.687881263031
1 11 2 21 77 -59394.134767716765 -59318.883108008384
1 11 3 32 112 -83567.310631335553 -83492.063227118619
3 2 2 9 37 -25830.805306339440 -25755.555708379521
3 2 3 14 56 -36900.748278450483 -36825.499166485017
3 2 4 18 71 -45299.036262101137 -45223.792562167553
3 3 2 15 55 -35793.634686824575 -35718.385527870872
3 3 3 22 76 -48043.146670727147 -47967.901599716919
3 3 4 30 101 -63958.915378831211 -63883.673731444862
3 4 2 21 71 -46740.146706781372 -46664.899323549675
3 4 3 32 104 -65871.932436926640 -65796.688164918407
3 4 4 42 133 -82164.891484287131 -82089.649578439974
3 5 2 27 89 -57205.832604082607 -57130.585404345657
3 5 3 40 124 -77393.660171073847 -77318.416090465253
3 5 4 54 163 -101647.034544690192 -101571.792877155167
3 6 2 33 105 -68704.994464668765 -68629.747598929811
3 6 3 50 152 -96068.386283996617 -95993.142252667341
3 6 4 66 195 -120493.541325713493 -120418.299716539288
3 7 2 39 123 -79587.813460836522 -79512.566802075002
3 7 3 58 172 -107908.481610740462 -107833.237883703143
3 7 4 78 225 -140668.116071954602 -140592.874557718402
3 8 2 45 139 -91552.116239763331 -91476.869737568166
3 8 3 68 200 -127301.181254914569 -127225.937562780557
3 8 4 90 257 -160063.328630495263 
3 9 2 51 157 -102791.506167546453 -102716.259791222677
3 9 3 76 220 -139416.543619596952 -139341.300105551229
3 9 4 102 287 -180837.002039739571 
3 10 2 57 173 -115156.540165910483 -115081.293548338232
3 10 3 86 248 -159432.134876935132 -159356.891256793024
3 10 4 114 319  
3 11 2 63 191 -126706.722991189381 -126631.476677116851
3 11 3 94 268  
3 11 4 126 349  
1 2 2 3 15 -11475.403962176304 -11400.149958468277
1 2 3 4 20 -14445.967687956001 -14370.714212933075
1 2 4 6 29 -20657.413069977698 -20582.165692149985
1 2 4 6 29 -20657.413069977698 -20582.165692149985
1 2 5 8 38 -27252.758815122834 -27177.512028325942
1 2 6 9 43 -30712.451345892598 -30637.204564825777
1 2 7 10 48 -34249.812375122907 -34174.565595583750
1 2 8 12 57 -41465.150116390920 -41389.903523545152
1 3 2 5 21 -16555.588666217991 -16480.335231338886
1 3 3 8 32 -24562.127433682152 -24486.880043683504
1 3 4 10 39 -30092.720224486970 -30017.477282802869
1 3 4 10 39 -30092.720224486970 -30017.477282802869
1 3 5 12 46 -35814.807043136730 -35739.564926311250
1 3 6 15 57 -44955.604213005405 -44880.362172203750
1 3 7 18 68 -54500.185071751737 -54424.943003101238
1 3 8 20 75 -60883.301798305452 -60808.059929364521
3 2 2 9 37 -25830.805306339440 -25755.555708379521
3 2 3 14 56 -36900.748278450374 -36825.499166485257
3 2 4 18 71 -45299.036261922651 -45223.792559863410
3 2 4 18 71 -45299.036261922651 -45223.792559863410
3 2 5 22 86 -53907.328127163208 -53832.085016644472
3 2 6 27 105 -66085.135238381670 -66009.892081274680
3 2 7 32 124 -78652.089704480299 -78576.846559825703
3 2 8 36 139 -87956.199089918489 -87880.956153888226
3 3 2 15 55 -35793.634686824334 -35718.385527870887
3 3 3 22 76 -48043.146669828719 -47967.901601478668
3 3 4 30 101 -63958.915378830854 -63883.673731445015
3 3 4 30 101 -63958.915378830854 -63883.673731445015
3 3 5 38 126 -80526.561397785263 -80451.320665756881
3 3 6 45 147 -93963.810542941414 -93888.569682590867
3 3 7 52 168 -107649.527849199905 -107574.286916377940
3 3 8 60 193 -125486.351184007828 -125411.110466692538
3 4 2 21 71 -46740.146713274029 -46664.899321813704
3 4 3 32 104 -65871.932442815058 -65796.688164918291
3 4 4 42 133 -82164.891484287306 -82089.649578440542
3 4 4 42 133 -82164.891484287306 -82089.649578440542
3 4 5 52 162 -98762.957338509019 -98687.716360682025
3 4 6 63 195 -119356.882010631962 -119281.640933013652
3 4 7 74 228 -140452.916450940189 -140377.675235527888
3 4 8 84 257 -158027.235827316472 
1 2 2 3 15 -11475.403962176304 -11400.149958468277
3 2 4 18 71 -45299.036262135924 -45223.792560294423
3 4 2 21 71 -46740.146705862870 -46664.899312634101
3 4 4 42 133 -82164.891484287393 -82089.649578439654
3 4 6 63 195 -119356.882010631467 -119281.640933012473
3 6 4 66 195 -120493.541368489270 -120418.299716536945
5 5 5 112 318 -191494.242157942674 -191419.001265344792
1 4 4 14 55 -37317.493468335495 -37242.249872599612
3 3 4 30 101 -63958.915378833219 -63883.673731444593
3 4 3 32 104 -65871.932425880004 -65796.688164918334
3 4 5 52 162 -98762.957329966041 -98687.716360683262
3 5 4 54 163 -101647.034517568565 -101571.792877157495
5 4 4 70 211 -129362.299460421767 -129287.057748385385
5 6 6 165 451  
