1 2 2 3 15 -11475.403962176304 -11400.149958468277
3 2 4 18 71 -45299.036262135924 -45223.792560294423
3 4 2 21 71 -46740.146705862870 -46664.899312634101
3 4 4 42 133 -82164.891484287393 -82089.649578439654
3 4 6 63 195 -119356.882010631467 -119281.640933012473
3 6 4 66 195 -120493.541368489270 -120418.299716536945
5 5 5 112 318 -191494.242157942674 -191419.001265344792
1 4 4 14 55 -37317.493468335495 -37242.249872599612
3 3 4 30 101 -63958.915378833219 -63883.673731444593
3 4 3 32 104 -65871.932425880004 -65796.688164918334
3 4 5 52 162 -98762.957329966041 -98687.716360683262
3 5 4 54 163 -101647.034517568565 -101571.792877157495
5 4 4 70 211 -129362.299460421767 -129287.057748385385
5 6 6 165 451  
