1 2 2 3 15 -11475.403962176304 -11400.149958468277
1 2 3 4 20 -14445.967687956001 -14370.714212933075
1 3 2 5 21 -16555.588666217991 -16480.335231338886
1 3 3 8 32 -24562.127433682152 -24486.880043683504
1 4 2 7 29 -20886.419660165924 -20811.167903175756
1 4 3 10 40 -27250.208591671359 -27174.961024064771
1 5 2 9 35 -26423.367775354542 -26348.115775762613
1 5 3 14 52 -38264.417503082885 -38189.169918534222
1 6 2 11 43 -31014.445843260288 -30939.193988280589
1 6 3 16 60 -40998.669603092450 -40923.422056576921
1 7 2 13 49 -36918.328899482069 -36843.077056777940
1 7 3 20 72 -52742.352946955958 -52667.105456397527
1 8 2 15 57 -41724.520953593332 -41649.269252330771
1 8 3 22 80 -55517.388042206439 -55442.140558282939
1 9 2 17 63 -47934.100054170303 -47858.848352908593
1 9 3 26 92 -67873.417571447018 -67798.170135820823
1 10 2 19 71 -52923.120119870939 -52847.868459083591
1 10 3 28 100 -70684.935304000843 -70609.687881263031
1 11 2 21 77 -59394.134767716765 -59318.883108008384
1 11 3 32 112 -83567.310631335553 -83492.063227118619
3 2 2 9 37 -25830.805306339440 -25755.555708379521
3 2 3 14 56 -36900.748278450483 -36825.499166485017
3 2 4 18 71 -45299.036262101137 -45223.792562167553
3 3 2 15 55 -35793.634686824575 -35718.385527870872
3 3 3 22 76 -48043.146670727147 -47967.901599716919
3 3 4 30 101 -63958.915378831211 -63883.673731444862
3 4 2 21 71 -46740.146706781372 -46664.899323549675
3 4 3 32 104 -65871.932436926640 -65796.688164918407
3 4 4 42 133 -82164.891484287131 -82089.649578439974
3 5 2 27 89 -57205.832604082607 -57130.585404345657
3 5 3 40 124 -77393.660171073847 -77318.416090465253
3 5 4 54 163 -101647.034544690192 -101571.792877155167
3 6 2 33 105 -68704.994464668765 -68629.747598929811
3 6 3 50 152 -96068.386283996617 -95993.142252667341
3 6 4 66 195 -120493.541325713493 -120418.299716539288
3 7 2 39 123 -79587.813460836522 -79512.566802075002
3 7 3 58 172 -107908.481610740462 -107833.237883703143
3 7 4 78 225 -140668.116071954602 -140592.874557718402
3 8 2 45 139 -91552.116239763331 -91476.869737568166
3 8 3 68 200 -127301.181254914569 -127225.937562780557
3 8 4 90 257 -160063.328630495263 
3 9 2 51 157 -102791.506167546453 -102716.259791222677
3 9 3 76 220 -139416.543619596952 -139341.300105551229
3 9 4 102 287 -180837.002039739571 
3 10 2 57 173 -115156.540165910483 -115081.293548338232
3 10 3 86 248 -159432.134876935132 -159356.891256793024
3 10 4 114 319  
3 11 2 63 191 -126706.722991189381 -126631.476677116851
3 11 3 94 268  
3 11 4 126 349  
