1 2 2 3 15 -11475.403962176304 -11400.149958468277
1 2 3 4 20 -14445.967687956001 -14370.714212933075
1 3 2 5 21 -16555.588666217991 -16480.335231338879
1 3 3 8 32 -24562.127433682152 -24486.880043683504
1 4 4 14 55 -37317.493468412395 -37242.249872244007
3 2 2 9 37 -25830.805306339440 -25755.555708379521
3 2 3 14 56 -36900.748279363135 -36825.499166485104
3 3 2 15 55 -35793.634686824342 -35718.385527870916
3 3 3 22 76 -48043.146661424740 -47967.901594652008
3 4 4 42 133 -82164.891484287975 -82089.649578439290
5 2 2 15 59 -41502.057249554789 -41426.807649097180
5 2 3 22 84 -54736.300909596554 -54661.051875746867
5 3 2 25 89 -56483.872386519477 -56408.623166300385
5 3 3 38 128 -79553.845504137978 -79478.600380952412
5 4 4 70 211 -129362.299482633040 -129287.057748385661
7 2 2 21 81 -58372.313021017289 -58297.063593659012
7 2 3 32 120 -80708.656524059217 -80633.407648809953
7 3 2 35 123 -78340.898723003367 -78265.649951953295
7 3 3 52 172 -105573.024902096760 -105497.780078754542
7 4 4 98 289  -178650.356768415280
9 2 2 27 103 -76227.737136341733 -76152.487691860733
9 2 3 40 148 -100646.053176699104 -100570.804328869155
9 3 2 45 157 -101172.672072955043 -101097.423317880413
9 3 3 68 224 -140120.222000396810 -140044.977141418931
9 4 4 126 367  
11 2 2 33 125 -94916.697230298814 -94841.447811580714
11 2 3 50 184 -129303.980621446681 -129228.731684840313
11 3 2 55 191 -124838.300535703907 -124763.051863795015
11 3 3 82 268 -167928.417358373350 -167853.172554681165
11 4 4 154 445  
