1 2 2 3 15 -11475.403962176304 -11400.149958468277
1 2 3 4 20 -14445.967687956001 -14370.714212933075
1 2 4 6 29 -20657.413069977698 -20582.165692149985
1 2 4 6 29 -20657.413069977698 -20582.165692149985
1 2 5 8 38 -27252.758815122834 -27177.512028325942
1 2 6 9 43 -30712.451345892598 -30637.204564825777
1 2 7 10 48 -34249.812375122907 -34174.565595583750
1 2 8 12 57 -41465.150116390920 -41389.903523545152
1 3 2 5 21 -16555.588666217991 -16480.335231338886
1 3 3 8 32 -24562.127433682152 -24486.880043683504
1 3 4 10 39 -30092.720224486970 -30017.477282802869
1 3 4 10 39 -30092.720224486970 -30017.477282802869
1 3 5 12 46 -35814.807043136730 -35739.564926311250
1 3 6 15 57 -44955.604213005405 -44880.362172203750
1 3 7 18 68 -54500.185071751737 -54424.943003101238
1 3 8 20 75 -60883.301798305452 -60808.059929364521
3 2 2 9 37 -25830.805306339440 -25755.555708379521
3 2 3 14 56 -36900.748278450374 -36825.499166485257
3 2 4 18 71 -45299.036261922651 -45223.792559863410
3 2 4 18 71 -45299.036261922651 -45223.792559863410
3 2 5 22 86 -53907.328127163208 -53832.085016644472
3 2 6 27 105 -66085.135238381670 -66009.892081274680
3 2 7 32 124 -78652.089704480299 -78576.846559825703
3 2 8 36 139 -87956.199089918489 -87880.956153888226
3 3 2 15 55 -35793.634686824334 -35718.385527870887
3 3 3 22 76 -48043.146669828719 -47967.901601478668
3 3 4 30 101 -63958.915378830854 -63883.673731445015
3 3 4 30 101 -63958.915378830854 -63883.673731445015
3 3 5 38 126 -80526.561397785263 -80451.320665756881
3 3 6 45 147 -93963.810542941414 -93888.569682590867
3 3 7 52 168 -107649.527849199905 -107574.286916377940
3 3 8 60 193 -125486.351184007828 -125411.110466692538
3 4 2 21 71 -46740.146713274029 -46664.899321813704
3 4 3 32 104 -65871.932442815058 -65796.688164918291
3 4 4 42 133 -82164.891484287306 -82089.649578440542
3 4 4 42 133 -82164.891484287306 -82089.649578440542
3 4 5 52 162 -98762.957338509019 -98687.716360682025
3 4 6 63 195 -119356.882010631962 -119281.640933013652
3 4 7 74 228 -140452.916450940189 -140377.675235527888
3 4 8 84 257 -158027.235827316472 
