0 0 0 0 3 6 -9156.030656935220 -9080.804649794081
0 0 1 1 11 22 -22624.512837802842 -22549.266319896273
0 0 2 2 18 36 -33053.335029647104 -32978.089326340276
0 0 3 3 26 52 -44170.226279791728 -44094.994779745466
0 0 4 4 34 68 -56111.571103697024 -56036.335023932013
0 0 5 5 40 80 -65464.439016669268 -65389.208610607166
0 0 6 6 50 100 -80667.149305341765 -80591.914373845779
0 0 7 7 60 120 -93131.993852717656 -93056.752687506247
0 0 8 8 70 140 -108848.704112956737 -108773.467654960870
0 0 9 9 76 152 -115776.940881186543 -115701.702743179645
0 0 10 10 89 178 -132642.467338046059 -132567.225770306657
1 1 0 0 3 15 -11475.403962176304 -11400.149958468277
1 1 1 1 11 43 -28589.933042344670 -28514.683096156987
1 1 2 2 18 64 -41404.388697592425 -41329.140686487983
1 1 3 3 26 87 -55486.514079880813 -55411.271515694614
1 1 4 4 34 111 -69283.418619858014 -69208.176247636147
1 1 5 5 40 133 -80293.252810514925 -80218.010549801169
1 1 6 6 50 159 -96284.640857491730 -96209.398945892375
1 1 7 7 60 181 -110220.039086840028 -110144.797118877148
1 1 8 8 70 210 -126689.627325980618 -126614.385985130401
1 1 9 9 76 228 -136956.718600116583 -136881.477336154348
1 1 10 10 89 263 -155656.978722179687 -155581.737712092552
