1 2 1 2 10 -5130.713023813154 -5055.467128866881
1 2 2 3 15 -7588.517580527221 -7513.273279452924
1 3 1 2 10 -5130.713023813154 -5055.467128866881
1 3 2 5 21 -12002.030479423958 -11926.789519996822
3 2 1 4 16 -9219.729900639919 -9144.501313290839
3 2 2 9 35 -18652.004813549342 -18576.772812506628
3 3 1 8 28 -15094.401912657926 -15019.184228945469
3 3 2 15 49 -25975.747653016697 -25900.524469092819
5 2 1 8 32 -16945.130902863551 -16869.896359275128
5 2 2 15 57 -28540.246298599250 -28465.011670671804
5 3 1 12 44 -21507.530375002534 -21432.306518676502
5 3 2 25 83 -41921.984052837368 -41846.756984210115
7 2 1 10 38 -21669.099652100354 -21593.865150856993
7 2 2 21 77 -40808.714571972581 -40733.479497550594
7 3 1 18 62 -32365.097860422888 -32289.874443884950
7 3 2 35 111 -56796.129335072874 -56720.902265274271
9 2 1 10 38 -21669.099652100354 -21593.865150856993
9 2 2 21 77 -40808.714571800716 -40733.479500365916
9 3 1 18 62 -32365.097860331894 -32289.874444387842
9 3 2 35 111 -56796.129323981142 -56720.902254584551
11 2 1 20 56  
11 2 2 37 115  
11 3 1 31 93  
11 3 2 58 170  
1 2 1 2 10 -5130.713023813154 -5055.467128866881
1 2 2 3 15 -7588.517580527221 -7513.273279452916
1 3 1 2 10 -5130.713023813154 -5055.467128866881
1 3 2 5 21 -12002.030479423958 -11926.789519996822
1 4 1 4 18 -8935.100321386290 -8859.852794003027
1 4 2 7 29 -14393.695491345876 -14318.452289611538
1 5 1 4 18 -8935.100321386290 -8859.827397358504
1 5 2 9 35 -19111.653989307099 -19036.410666786127
1 6 1 6 26 -12921.798395364298 -12846.550815040990
1 6 2 11 43 -21515.501320987951 -21440.257753406397
1 7 1 6 26 -12921.798395364298 -12846.550815040990
1 7 2 13 49 -26489.095144632029 -26413.851499607608
1 8 1 8 34 -17072.613651841115 -16997.365958939321
1 8 2 15 57 -28906.712189397505 -28831.468454510719
3 2 1 4 16 -9219.729900639919 -9144.501313290839
3 2 2 9 35 -18652.004813549342 -18576.772812506628
3 3 1 8 28 -15094.401912657926 -15019.184228945469
3 3 2 15 49 -25975.747653148344 -25900.524469256055
3 4 1 10 32 -18023.544455900432 -17948.316301837229
3 4 2 21 65 -34900.703360173742 -34825.471366117199
3 5 1 14 44 -24113.072874475856 -24037.847955509624
3 5 2 27 79 -42373.833218385334 -42298.604136525188
3 6 1 16 48 -27142.592109084209 -27067.364717524229
3 6 2 33 95 -51565.220600317676 -51489.989483365425
3 7 1 20 60 -33415.632813083088 -33340.405642327896
3 7 2 39 109 -59174.336100602464 -59099.105528573404
3 8 1 22 64 -36539.459775114025 -36464.232006333383
3 8 2 45 125 -68609.400381487387 -68534.169094549128
1 2 1 2 10 -5130.713023812551 -5055.467128919482
1 2 2 3 15 -7588.517580775155 -7513.273279854167
1 2 3 5 24 -12949.085626635624 -12873.841725710556
1 2 4 6 29 -15860.072880671272 -15784.829016480875
1 2 5 8 38 -21920.234265949268 -21844.990802679848
1 3 1 2 10 -5130.713023812551 -5055.467128919482
1 3 2 5 21 -12002.030480041725 -11926.789520237568
1 3 3 7 28 -16739.365336250288 -16664.125044561246
1 3 4 10 39 -24471.078699008551 -24395.838518010889
1 3 5 12 46 -29798.715166155493 -29723.476250757416
3 2 1 4 16 -9219.729900235154 -9144.501312161099
3 2 2 9 35 -18652.004813131611 -18576.772804095770
3 2 3 13 50 -26105.235554573064 -26030.003123165123
3 2 4 18 69 -36774.959484492036 -36699.726736326469
3 2 5 22 82 -44954.784168904924 -44879.559852439939
3 3 1 8 28 -15094.401912475541 -15019.184226943142
3 3 2 15 49 -25975.747655106839 -25900.524468975189
3 3 3 23 74 -40104.602498673914 -40029.378376911503
3 3 4 30 95 -52107.625870568154 -52032.401662506163
3 3 5 38 114 -67923.957006036086 -67848.733453685549
