0 0 0 0 35 107 -54169.651768362484 -54094.416294648159
1 1 1 1 31 99 -49214.193573497658 -49138.958340172881
2 2 2 2 27 87 -43767.397554409770 -43692.162947144403
3 3 3 3 25 81 -40036.752365856446 -39961.517908578753
4 4 4 4 21 69 -33937.850584183172 -33862.615873660463
5 5 5 5 17 53 -28370.310938607941 -28295.079049799559
6 6 6 6 13 43 -22581.942385800685 -22506.713575649388
7 7 7 7 11 37 -19702.338769822749 -19627.109297057170
8 8 8 8 7 29 -14681.622508436370 -14606.388550540809
9 9 9 9 5 21 -11195.366698625303 -11120.137231910379
10 10 10 10 4 16 -9219.729900235154 -9144.501312161099
11 11 11 11 4 16 -9219.729900235154 -9144.501312161099
