0 0 0 0 42 133 -82164.891484287582 -82089.649578439421
1 1 1 1 38 121 -74439.052546286039 -74363.810415197542
2 2 2 2 36 117 -71445.334343155511 -71370.092421637426
3 3 3 3 32 105 -66342.243698455350 -66267.001582917379
4 4 4 4 30 99 -62672.077543312043 -62596.835342893559
5 5 5 5 26 87 -55486.514083006943 -55411.271502948483
6 6 6 6 22 77 -49007.647716255880 -48932.405309522219
7 7 7 7 18 69 -43218.176791519763 -43142.935321848236
8 8 8 8 16 62 -38862.103079111534 -38786.858402797610
9 9 9 9 14 56 -35112.455290401987 -35037.207078344873
10 10 10 10 12 48 -30937.607909388917 -30862.358257244214
11 11 11 11 11 43 -28589.933042344670 -28514.683110015609
12 12 12 12 7 29 -22599.616618089734 -22524.365431817041
13 13 13 13 5 23 -17562.456645324899 -17487.204469838114
14 14 14 14 3 15 -11475.403962176304 -11400.149958468277
15 15 15 15 20 70 -44576.112885776049 -44500.867838894912
16 16 16 16 20 71 -45804.837148104074 -45729.591821847855
17 17 17 17 20 73 -46065.445902282911 -45990.204081394309
18 18 18 18 16 63 -39414.366808152379 -39339.121902816179
19 19 19 19 16 61 -40437.948470257885 -40362.707524569865
20 20 20 20 16 63 -39687.819233220958 -39612.575556455871
21 21 21 21 14 55 -38551.597961309424 -38476.355855071037
