4 -9824.270722015941 -9824.174271708140 -9820.952173470992
5 -10097.508992802719 -10097.403196731817 -10093.899822776029
9 -11785.308459631235 -11785.104322025269 -11778.385273745747
17 -14269.130088967635 -14268.833016149085 -14258.804166227255
21 -15659.505156464860 -15659.139742052728 -15646.915288241151
25 -16752.428247866654 -16752.025367968883 -16738.670610484689
29 -17845.515321285464 -17845.079390114686 -17830.603517485200
33 -19533.331429131558 -19532.797209233282 -19515.094449151642
41 -22314.113170605800 -22313.441650836408 -22291.337374080409
42 -22587.344340192460 -22586.663463270743 -22564.277218779753
