4 -9899.593690387268 -9899.497683891228 -9896.045004033458
5 -10172.829116950670 -10172.723492162258 -10168.989208424262
9 -11860.625550412344 -11860.421877497776 -11853.474944761023
17 -14344.445225718566 -14344.148795484409 -14333.893306852868
21 -15734.817778259569 -15734.453508887927 -15722.004444378697
25 -16827.739792816075 -16827.338181848325 -16813.759730649719
29 -17920.826737145482 -17920.392041558014 -17905.692566728139
33 -19608.644221561433 -19608.110915599380 -19590.183567905086
41 -22389.426382541566 -22388.755500272240 -22366.426519369648
42 -22662.657902007766 -22661.977570875861 -22639.366378543113
